208
216
205
216
204
216
201
216
197
216
195
216
193
217
191
218
188
218
187
218
185
219
183
219
182
220
180
221
178
222
175
223
173
226
172
227
171
227
169
229
168
230
168
231
167
231
166
233
165
234
164
234
164
235
164
237
164
238
163
239
163
240
163
242
163
243
163
245
163
249
163
250
163
251
163
254
164
256
164
257
166
259
167
260
169
260
170
261
173
263
173
264
176
266
179
267
181
268
182
268
185
268
189
270
191
271
194
272
195
272
199
272
204
272
208
272
213
272
215
272
219
272
223
272
228
272
230
272
233
272
234
272
236
272
237
272
238
272
239
272
241
272
242
272
243
272
244
271
247
270
248
267
249
267
250
266
251
263
251
262
251
260
252
257
252
255
252
254
252
251
252
249
250
249
248
247
248
246
247
245
246
245
246
243
245
241
244
241
243
239
242
238
241
238
239
237
238
235
236
234
236
233
236
231
235
231
234
230
233
230
232
229
231
229
231
227
229
227
228
227
227
226
225
225
224
225
223
224
221
224
220
223
219
223
218
223
216
223
215
223
213
222
212
222
210
221
209
221
208
221
206
220
,
-1
,
