203
178
199
178
193
180
187
181
184
181
178
183
174
184
173
185
168
186
163
188
163
189
160
190
158
192
154
194
154
195
151
197
148
199
147
201
145
203
144
206
144
207
141
208
140
212
140
215
138
218
137
219
135
225
133
226
132
230
132
231
130
234
130
236
130
238
130
240
130
243
130
245
130
249
130
252
130
254
130
259
130
263
131
266
135
271
138
273
139
276
141
279
144
282
148
283
150
285
155
288
159
291
161
293
165
294
169
297
171
297
175
299
179
301
183
301
188
301
194
301
198
301
201
301
205
301
210
301
215
301
218
301
222
301
226
300
230
300
234
300
234
298
238
296
242
296
244
295
248
293
252
292
255
291
257
289
259
288
263
286
266
284
267
283
268
282
271
280
272
279
274
278
277
275
279
274
283
270
283
269
285
266
286
264
286
261
289
259
289
257
289
256
289
254
289
252
289
251
289
249
289
248
289
245
289
241
289
238
289
237
289
236
289
235
289
232
288
230
288
229
288
228
288
227
287
225
286
224
285
223
285
220
284
219
282
217
281
215
279
214
278
212
278
210
275
208
274
207
273
206
271
204
270
203
269
202
267
200
265
199
265
198
263
198
261
196
258
195
257
194
256
194
255
193
253
192
252
191
251
191
250
190
249
190
248
190
247
190
246
188
242
187
241
186
240
185
239
185
237
185
236
184
233
184
233
183
232
183
230
182
228
182
227
182
226
182
225
182
224
182
223
182
221
180
218
179
217
179
216
179
215
179
213
179
212
179
211
179
210
179
209
179
207
179
206
179
205
179
,
-1
,
148
126
145
128
143
131
139
133
135
136
129
138
125
143
121
147
115
152
110
156
105
159
101
161
98
163
93
166
89
169
84
173
80
176
78
177
76
178
75
178
74
180
72
180
71
181
70
182
67
182
,
66
182
69
182
72
182
76
182
82
182
86
182
90
182
95
180
99
179
100
179
101
179
105
179
109
179
113
179
118
179
120
179
125
179
128
179
132
179
133
179
137
179
141
179
142
179
146
179
150
179
152
179
156
179
161
179
165
179
170
179
172
179
175
179
178
179
179
179
180
179
183
179
187
179
188
179
191
179
192
179
195
179
197
179
199
179
201
179
,
198
179
198
178
195
177
194
177
193
176
191
175
189
173
186
171
185
169
181
168
180
167
179
167
178
165
177
164
176
164
176
163
174
161
172
159
169
157
169
156
167
155
165
154
164
152
163
151
161
150
160
147
159
146
157
144
156
143
155
142
153
140
152
139
151
138
149
136
148
135
147
134
145
133
145
132
,
-3
,
