180
152
179
152
178
152
176
152
174
150
173
150
170
150
166
149
165
149
161
149
157
149
155
149
152
149
148
149
147
149
144
149
139
150
132
151
126
156
122
158
117
160
112
164
106
168
100
171
97
173
94
176
91
179
88
182
86
185
83
189
81
193
79
197
77
201
76
203
75
207
75
209
73
213
72
216
72
218
72
222
72
227
72
230
72
232
72
236
72
240
72
241
73
243
74
244
76
245
78
248
79
249
82
251
83
252
87
254
90
256
95
257
97
258
103
259
107
259
112
259
117
259
124
259
129
259
132
259
136
259
141
259
149
259
153
259
157
259
161
259
162
259
168
257
171
256
176
254
182
249
182
248
184
246
188
242
189
239
192
236
192
232
193
229
196
227
196
226
196
223
196
219
196
217
196
215
196
212
196
209
196
205
196
201
196
200
196
196
196
192
194
191
194
190
194
187
192
186
192
183
192
182
191
179
191
177
191
176
190
173
190
171
188
171
188
170
187
167
187
166
186
165
186
164
184
163
184
162
183
161
182
160
182
159
180
158
178
158
178
155
176
154
,
