237
188
235
188
233
186
230
186
226
185
224
185
221
185
217
185
216
185
213
185
208
185
203
185
201
185
198
185
196
185
191
185
187
185
183
186
182
188
178
188
176
190
174
191
171
193
168
198
166
200
164
202
161
204
161
205
159
208
157
211
156
214
155
218
154
222
154
225
154
228
154
231
154
236
154
237
154
241
154
245
154
246
154
249
154
250
154
253
154
255
154
256
158
259
161
264
163
268
164
269
167
271
167
272
170
274
171
275
172
277
178
280
182
281
189
284
193
286
200
287
203
288
207
288
212
289
217
290
223
291
226
291
230
291
234
291
238
291
240
291
244
291
248
291
249
291
253
290
259
287
262
287
264
286
268
286
272
284
274
282
278
281
278
280
281
278
285
276
287
273
288
272
290
271
291
269
291
268
291
267
291
265
291
263
291
261
291
260
291
259
289
255
289
252
289
251
288
249
286
247
286
246
286
244
285
243
284
243
284
241
284
238
282
235
281
234
280
231
279
230
278
230
277
228
276
227
276
226
275
224
274
223
274
222
273
220
271
218
271
217
269
216
269
215
268
214
267
211
265
210
264
208
261
206
261
204
260
203
260
202
259
201
257
200
257
199
256
198
255
198
254
196
253
195
252
195
251
195
249
194
248
192
247
191
246
191
245
191
244
190
242
190
241
188
240
188
239
188
238
188
237
188
236
188
,
-1
,
