175
162
173
162
172
162
171
162
170
162
168
163
165
164
163
164
163
165
159
165
157
167
154
169
151
170
149
172
146
173
145
175
143
176
141
179
140
180
139
180
138
182
134
184
134
185
133
188
132
191
131
193
131
195
131
196
131
200
131
201
131
203
131
205
131
208
131
210
131
213
131
217
131
218
131
219
131
222
131
225
131
226
131
229
131
230
131
233
131
235
133
239
134
241
134
243
136
247
138
249
140
252
140
253
141
254
143
256
143
257
143
258
144
260
147
262
148
265
149
266
153
268
153
269
155
270
156
271
157
272
160
272
160
273
161
273
163
273
165
274
168
274
169
274
173
275
176
275
179
275
181
275
183
275
186
275
187
275
190
275
191
275
193
275
195
275
197
275
199
275
200
275
201
275
202
275
203
275
205
273
206
272
207
272
209
271
211
271
211
269
215
267
220
264
221
263
221
262
224
260
224
259
227
258
228
256
228
255
229
254
231
251
232
249
233
247
234
246
235
245
235
242
236
238
238
236
240
234
241
233
241
232
242
230
244
228
245
227
245
226
246
224
246
223
246
222
246
220
246
218
246
217
246
215
247
213
247
211
247
209
247
208
247
207
247
205
247
204
247
203
247
200
247
199
247
196
247
193
245
192
244
191
243
189
243
188
242
187
241
185
240
184
239
183
236
181
236
179
235
178
234
177
232
176
231
176
228
175
227
174
226
173
224
172
222
170
221
170
219
170
218
168
214
167
210
166
209
166
205
166
204
166
202
166
201
166
200
166
198
166
196
164
193
164
191
163
190
163
188
163
186
163
184
163
181
163
180
163
178
163
177
163
,
-1
,
