175
169
173
169
172
169
170
169
169
169
167
169
166
169
164
169
163
169
161
169
160
169
158
169
157
169
156
169
154
169
153
169
152
169
149
169
148
169
146
169
145
169
141
170
140
171
137
174
137
175
137
176
136
177
135
179
135
180
135
182
133
183
132
184
132
185
132
187
132
188
132
189
132
190
132
191
131
193
129
194
129
195
128
195
128
197
128
198
128
201
128
203
127
206
127
207
127
209
127
210
127
212
127
213
127
215
127
216
127
218
127
219
127
220
127
221
128
222
130
225
130
226
130
227
131
229
134
231
134
233
135
234
136
235
137
236
139
238
141
239
142
241
145
242
146
243
149
245
151
246
154
247
155
249
158
250
159
250
162
250
166
250
169
250
172
250
176
250
177
250
178
250
179
250
180
250
182
250
183
250
184
250
186
250
187
250
188
250
190
250
191
250
193
250
194
249
195
248
196
248
197
248
198
246
199
245
201
244
203
240
203
239
203
238
203
237
203
236
204
235
204
234
205
233
205
231
206
229
206
227
206
224
207
223
207
221
207
220
208
217
208
216
208
215
208
213
208
212
208
211
208
210
210
209
210
208
210
206
210
204
210
202
210
201
210
198
210
196
210
195
210
194
210
193
209
192
208
191
208
190
207
189
207
187
206
186
205
186
205
185
203
183
202
183
202
182
201
182
199
181
199
179
197
178
195
178
194
178
191
177
190
175
189
174
186
174
185
174
183
173
182
171
181
171
180
171
179
171
,
-1
,
281
184
279
185
278
185
275
186
271
187
269
188
267
189
264
192
260
193
257
194
256
196
255
196
253
197
252
198
251
198
249
200
247
201
245
202
244
202
243
204
241
205
240
206
240
208
239
208
237
208
236
209
235
210
233
211
233
212
232
213
229
215
229
216
228
217
226
218
225
219
224
220
223
221
222
222
221
223
220
224
218
225
217
225
216
227
213
229
212
230
211
231
209
232
208
233
208
234
207
235
205
235
205
236
204
237
203
237
,
202
237
206
237
210
237
212
237
216
237
219
239
220
239
223
239
224
239
225
239
228
239
229
239
232
239
235
239
237
239
239
239
240
239
241
239
243
239
244
239
246
239
247
239
249
239
250
239
252
239
255
239
256
239
258
239
259
239
261
239
262
239
263
239
264
239
266
239
267
239
270
239
271
239
272
239
274
239
275
239
277
239
278
239
280
239
282
239
284
239
288
239
291
239
295
239
297
239
299
239
301
239
302
239
303
239
304
239
305
239
307
239
308
239
309
239
311
239
312
239
313
239
314
239
315
239
316
239
,
317
239
315
236
314
236
314
234
313
232
311
232
311
231
310
230
309
229
309
227
309
226
307
225
306
224
305
222
305
221
305
220
303
219
303
218
303
217
302
215
301
215
299
213
299
212
299
211
299
209
298
209
297
208
297
207
296
205
295
204
294
203
293
202
292
201
292
200
291
199
290
198
290
197
290
196
289
196
288
193
287
192
286
190
286
189
286
188
286
187
284
186
283
185
282
184
282
183
282
182
282
181
,
-3
,
