152
166
152
168
152
172
152
175
152
179
152
181
152
183
151
187
150
192
150
197
150
203
150
209
149
215
149
219
148
222
148
224
146
228
146
229
146
231
146
233
145
233
145
235
145
236
145
237
,
148
237
153
237
157
237
162
237
171
237
181
236
189
236
199
234
208
233
218
232
228
232
238
232
247
231
257
229
266
229
274
229
281
229
286
229
287
229
288
229
,
289
229
289
227
289
225
289
224
289
221
289
218
289
213
288
208
287
204
287
201
287
196
287
194
287
192
287
190
287
187
287
183
287
182
287
181
287
179
286
177
285
174
285
173
285
172
283
170
283
169
283
168
283
166
283
165
283
164
282
163
282
162
282
161
282
159
282
158
,
281
157
279
157
277
157
273
157
269
157
266
157
265
159
261
159
257
160
256
160
253
161
251
161
249
161
246
161
243
161
239
161
236
161
235
161
231
163
230
163
229
163
227
164
225
164
223
164
221
164
218
164
214
164
210
164
209
165
208
165
205
165
204
165
202
165
201
165
200
166
199
166
197
167
196
167
195
167
193
167
192
167
190
167
189
167
188
167
187
167
186
167
185
167
183
167
182
167
181
167
179
167
178
167
177
167
176
167
175
167
173
167
172
167
171
167
170
167
168
167
167
167
166
167
165
167
163
167
162
167
161
167
160
167
159
167
157
167
156
167
,
-4
,
