129
158
129
159
129
160
129
162
129
164
129
167
129
168
129
171
129
173
129
174
129
176
129
177
129
179
129
180
129
182
129
183
129
186
129
187
129
188
129
190
128
190
128
191
128
194
127
195
127
196
127
197
127
198
127
199
127
201
127
202
127
203
127
204
,
127
205
129
205
134
205
136
205
141
205
144
205
146
205
148
205
150
205
152
206
153
206
154
206
155
206
157
206
158
206
159
206
161
206
163
206
164
206
165
206
167
206
168
206
170
206
171
206
173
206
174
206
176
206
177
206
179
206
180
206
182
206
184
206
186
206
187
206
188
206
189
206
190
206
191
206
192
206
193
206
196
206
197
206
,
198
205
198
203
198
200
198
199
198
196
198
195
197
192
197
191
197
189
197
188
197
187
197
185
197
184
197
183
196
182
196
181
196
179
196
177
196
176
196
175
196
173
196
172
196
170
196
169
196
168
196
166
196
165
196
164
196
162
196
161
196
160
196
159
196
157
196
156
194
154
194
153
194
151
194
150
194
149
194
147
194
145
,
193
143
192
143
190
143
187
143
185
143
183
143
179
143
177
143
174
143
173
143
171
143
168
143
166
143
164
143
163
143
160
143
159
143
158
143
155
143
152
143
151
143
149
143
147
143
146
143
145
143
144
143
143
143
142
143
140
143
139
143
138
143
136
143
135
143
134
143
132
143
131
143
130
143
129
143
,
-4
,
